>>06/13/19 21:41:24
REGRESSION
----------
SUMMARY OF OUTPUT: SPATIAL LAG MODEL - MAXIMUM LIKELIHOOD ESTIMATION
Data set            : chicago_joined
Spatial Weight      : chicago_distance
Dependent Variable  :        Jobs  Number of Observations:   55
Mean dependent var  :     5.74545  Number of Variables   :   10
S.D. dependent var  :     2.94938  Degrees of Freedom    :   45
Lag coeff.   (Rho)  :   0.0595344

R-squared           :    0.943317  Log likelihood        :    -58.6139
Sq. Correlation     : -            Akaike info criterion :     137.228
Sigma-square        :    0.493079  Schwarz criterion     :     157.301
S.E of regression   :    0.702196

-----------------------------------------------------------------------------
       Variable       Coefficient     Std.Error       z-value    Probability
-----------------------------------------------------------------------------
            W_Jobs     0.0595344      0.0827789       0.719198     0.47202
          CONSTANT      -44.0457        9.87211       -4.46164     0.00001
        median_age    -0.0204302      0.0300569      -0.679716     0.49668
        median_inc  4.08762e-005   2.02334e-005        2.02023     0.04336
        median_smo   -0.00130462    0.000961258        -1.3572     0.17472
        unemployme      -9.07852        3.11801       -2.91164     0.00360
        walked_pct     -0.885083        1.79101      -0.494181     0.62118
        higher_edu       2.40597        1.10115        2.18495     0.02889
        race_simps      -1.31702       0.805461       -1.63511     0.10203
        income_sim       52.2554        10.9188        4.78583     0.00000
-----------------------------------------------------------------------------

REGRESSION DIAGNOSTICS
DIAGNOSTICS FOR HETEROSKEDASTICITY 
RANDOM COEFFICIENTS
TEST                                     DF      VALUE        PROB
Breusch-Pagan test                       8        28.5028     0.00039

DIAGNOSTICS FOR SPATIAL DEPENDENCE
SPATIAL LAG DEPENDENCE FOR WEIGHT MATRIX : chicago_distance
TEST                                     DF      VALUE        PROB
Likelihood Ratio Test                    1         0.4753     0.49055

  OBS            Jobs        PREDICTED        RESIDUAL       PRED ERROR
    1                7         7.41609        -0.40682        -0.41609
    2                4         3.92773         0.07624         0.07227
    3                8         8.66207        -0.64997        -0.66207
    4                3         3.14466        -0.12524        -0.14466
    5                9         9.00962        -0.00632        -0.00962
    6                6         6.11923        -0.09662        -0.11923
    7                5         5.49124        -0.50839        -0.49124
    8                5         4.92552         0.07937         0.07448
    9                5         4.30779         0.70543         0.69221
   10                1        -1.30344         2.33179         2.30344
   11                5         5.34774        -0.34685        -0.34774
   12                6         5.76162         0.23790         0.23838
   13                6         5.79603         0.20685         0.20397
   14                6         6.10992        -0.10543        -0.10992
   15                9         9.60627        -0.59732        -0.60627
   16                9         8.22310         0.74694         0.77690
   17                9         8.12197         0.85678         0.87803
   18                3         3.21779        -0.19596        -0.21779
   19                7         6.77575         0.22711         0.22425
   20                6         5.99677        -0.00210         0.00323
   21               10         9.48507         0.53429         0.51493
   22                1         0.87655         0.12272         0.12345
   23                1         1.61733        -0.61422        -0.61733
   24                4         3.13183         0.84776         0.86817
   25                6         4.69690         1.25141         1.30310
   26                3         3.50194        -0.48825        -0.50194
   27                8         9.32976        -1.33023        -1.32976
   28                1         0.60733         0.41279         0.39267
   29                7         6.94814         0.01148         0.05186
   30                1         2.17145        -1.18304        -1.17145
   31               10         8.87943         1.12810         1.12057
   32                9         7.37266         1.64041         1.62734
   33               10         8.99301         1.01878         1.00699
   34                1         1.94697        -0.97358        -0.94697
   35                2         2.55363        -0.56831        -0.55363
   36                7         7.27879        -0.27099        -0.27879
   37                5         4.97020         0.03069         0.02980
   38                9         8.93366         0.07002         0.06634
   39                4         4.55113        -0.54716        -0.55113
   40                9         8.42848         0.58327         0.57152
   41               10         9.92274         0.08705         0.07726
   42               11        11.17387        -0.16507        -0.17387
   43                7         6.70929         0.27791         0.29071
   44                8         8.88492        -0.87990        -0.88492
   45                5         5.46769        -0.46815        -0.46769
   46                7         6.42033         0.56193         0.57967
   47                9         8.99595         0.01788         0.00405
   48                8         8.37925        -0.37540        -0.37925
   49                9         9.67119        -0.66671        -0.67119
   50                4         3.92556         0.08519         0.07444
   51                3         2.54156         0.47936         0.45844
   52                3         3.37982        -0.37368        -0.37982
   53                2         2.87884        -0.90405        -0.87884
   54                1         1.79778        -0.80325        -0.79778
   55                2         2.97165        -0.97645        -0.97165
============================== END OF REPORT ================================

>>06/13/19 21:40:13
REGRESSION
----------
SUMMARY OF OUTPUT: SPATIAL LAG MODEL - MAXIMUM LIKELIHOOD ESTIMATION
Data set            : chicago_joined
Spatial Weight      : chicago_queen
Dependent Variable  :        Jobs  Number of Observations:   55
Mean dependent var  :     5.74545  Number of Variables   :   10
S.D. dependent var  :     2.94938  Degrees of Freedom    :   45
Lag coeff.   (Rho)  :    0.107085

R-squared           :    0.944496  Log likelihood        :    -58.0856
Sq. Correlation     : -            Akaike info criterion :     136.171
Sigma-square        :    0.482819  Schwarz criterion     :     156.245
S.E of regression   :    0.694852

-----------------------------------------------------------------------------
       Variable       Coefficient     Std.Error       z-value    Probability
-----------------------------------------------------------------------------
            W_Jobs      0.107085      0.0824383        1.29897     0.19396
          CONSTANT       -42.144        9.97481       -4.22504     0.00002
        median_age    -0.0179944      0.0298228      -0.603379     0.54626
        median_inc  4.00696e-005   2.00215e-005        2.00132     0.04536
        median_smo   -0.00144957    0.000973217       -1.48946     0.13637
        unemployme        -8.701        3.07927       -2.82567     0.00472
        walked_pct      -1.16666        1.76046      -0.662702     0.50752
        higher_edu       2.50744        1.06927        2.34501     0.01903
        race_simps      -1.10447       0.803203       -1.37509     0.16910
        income_sim       49.9202        11.0738        4.50794     0.00001
-----------------------------------------------------------------------------

REGRESSION DIAGNOSTICS
DIAGNOSTICS FOR HETEROSKEDASTICITY 
RANDOM COEFFICIENTS
TEST                                     DF      VALUE        PROB
Breusch-Pagan test                       8        25.7509     0.00116

DIAGNOSTICS FOR SPATIAL DEPENDENCE
SPATIAL LAG DEPENDENCE FOR WEIGHT MATRIX : chicago_queen
TEST                                     DF      VALUE        PROB
Likelihood Ratio Test                    1         1.5319     0.21583

  OBS            Jobs        PREDICTED        RESIDUAL       PRED ERROR
    1                7         7.46627        -0.44650        -0.46627
    2                4         4.11869        -0.10920        -0.11869
    3                8         8.50947        -0.48186        -0.50947
    4                3         3.20367        -0.16368        -0.20367
    5                9         8.95114         0.08442         0.04886
    6                6         6.06087        -0.04292        -0.06087
    7                5         5.31195        -0.26903        -0.31195
    8                5         4.95432         0.07171         0.04568
    9                5         4.13270         0.87056         0.86730
   10                1        -1.21035         2.24841         2.21035
   11                5         5.39611        -0.38585        -0.39611
   12                6         5.78450         0.21181         0.21550
   13                6         5.79632         0.22385         0.20368
   14                6         6.20810        -0.19756        -0.20810
   15                9         9.57769        -0.53772        -0.57769
   16                9         8.23568         0.72820         0.76432
   17                9         8.12251         0.86644         0.87749
   18                3         3.19816        -0.21183        -0.19816
   19                7         6.84625         0.15221         0.15375
   20                6         6.07377        -0.07441        -0.07377
   21               10         9.50706         0.52926         0.49294
   22                1         0.91322         0.08482         0.08678
   23                1         1.60204        -0.57379        -0.60204
   24                4         3.15839         0.85045         0.84161
   25                6         4.64863         1.31692         1.35137
   26                3         3.42958        -0.43348        -0.42958
   27                8         9.30463        -1.38110        -1.30463
   28                1         0.63900         0.39885         0.36100
   29                7         7.03112        -0.09565        -0.03112
   30                1         2.07715        -1.09891        -1.07715
   31               10         8.80943         1.16749         1.19057
   32                9         7.48499         1.59344         1.51501
   33               10         9.03988         0.98270         0.96012
   34                1         2.01627        -1.02991        -1.01627
   35                2         2.56457        -0.57954        -0.56457
   36                7         7.30198        -0.29433        -0.30198
   37                5         4.92050         0.09026         0.07950
   38                9         8.93859         0.08798         0.06141
   39                4         4.42298        -0.42555        -0.42298
   40                9         8.45842         0.57838         0.54158
   41               10         9.98586         0.04845         0.01414
   42               11        11.16008        -0.17775        -0.16008
   43                7         6.83437         0.14616         0.16563
   44                8         9.03014        -1.00178        -1.03014
   45                5         5.53685        -0.54973        -0.53685
   46                7         6.39701         0.60454         0.60299
   47                9         9.01080        -0.01446        -0.01080
   48                8         8.42436        -0.36567        -0.42436
   49                9         9.63311        -0.61859        -0.63311
   50                4         3.93512         0.08111         0.06488
   51                3         2.54760         0.48460         0.45240
   52                3         3.40020        -0.37643        -0.40020
   53                2         2.88890        -0.89993        -0.88890
   54                1         1.75127        -0.77331        -0.75127
   55                2         2.88160        -0.89252        -0.88160
============================== END OF REPORT ================================

>>06/13/19 21:38:32
REGRESSION
----------
SUMMARY OF OUTPUT: ORDINARY LEAST SQUARES ESTIMATION
Data set            :  chicago_joined
Dependent Variable  :        Jobs  Number of Observations:   55
Mean dependent var  :     5.74545  Number of Variables   :    9
S.D. dependent var  :     2.94938  Degrees of Freedom    :   46 

R-squared           :    0.942789  F-statistic           :     94.7553
Adjusted R-squared  :    0.932839  Prob(F-statistic)     :5.80138e-026
Sum squared residual:     27.3718  Log likelihood        :    -58.8516
Sigma-square        :    0.595039  Akaike info criterion :     135.703
S.E. of regression  :    0.771388  Schwarz criterion     :     153.769
Sigma-square ML     :    0.497669
S.E of regression ML:    0.705457

-----------------------------------------------------------------------------
       Variable      Coefficient      Std.Error    t-Statistic   Probability
-----------------------------------------------------------------------------
          CONSTANT      -44.9096        10.7842        -4.1644     0.00014
        median_age    -0.0178532      0.0330075      -0.540884     0.59120
        median_inc  4.05327e-005   2.22268e-005         1.8236     0.07471
        median_smo   -0.00113451      0.0010208       -1.11139     0.27218
        unemployme      -9.55031        3.36965       -2.83421     0.00680
        walked_pct      -1.00268        1.95327      -0.513336     0.61017
        higher_edu       2.54314        1.18664        2.14314     0.03742
        race_simps      -1.28161       0.882153       -1.45282     0.15306
        income_sim        53.275        11.9075        4.47408     0.00005
-----------------------------------------------------------------------------

REGRESSION DIAGNOSTICS  
MULTICOLLINEARITY CONDITION NUMBER   413.959335
TEST ON NORMALITY OF ERRORS
TEST                  DF           VALUE             PROB
Jarque-Bera            2             8.6926          0.01295

DIAGNOSTICS FOR HETEROSKEDASTICITY  
RANDOM COEFFICIENTS
TEST                  DF           VALUE             PROB
Breusch-Pagan test     8            32.0307          0.00009
Koenker-Bassett test   8            20.1535          0.00977

  OBS            Jobs        PREDICTED        RESIDUAL
    1          7.00000         7.42989        -0.42989
    2          4.00000         3.93855         0.06145
    3          8.00000         8.67446        -0.67446
    4          3.00000         3.12044        -0.12044
    5          9.00000         9.02912        -0.02912
    6          6.00000         6.22259        -0.22259
    7          5.00000         5.51808        -0.51808
    8          5.00000         4.88986         0.11014
    9          5.00000         4.53796         0.46204
   10          1.00000        -1.38745         2.38745
   11          5.00000         5.34147        -0.34147
   12          6.00000         5.79926         0.20074
   13          6.00000         5.77513         0.22487
   14          6.00000         6.09224        -0.09224
   15          9.00000         9.62191        -0.62191
   16          9.00000         8.19756         0.80244
   17          9.00000         8.14412         0.85588
   18          3.00000         3.14676        -0.14676
   19          7.00000         6.77348         0.22652
   20          6.00000         5.98053         0.01947
   21         10.00000         9.50157         0.49843
   22          1.00000         0.82929         0.17071
   23          1.00000         1.64665        -0.64665
   24          4.00000         3.17234         0.82766
   25          6.00000         4.77704         1.22296
   26          3.00000         3.34743        -0.34743
   27          8.00000         9.28731        -1.28731
   28          1.00000         0.49894         0.50106
   29          7.00000         6.87845         0.12155
   30          1.00000         2.20946        -1.20946
   31         10.00000         8.91557         1.08443
   32          9.00000         7.32684         1.67316
   33         10.00000         9.01300         0.98700
   34          1.00000         1.95664        -0.95664
   35          2.00000         2.60652        -0.60652
   36          7.00000         7.22486        -0.22486
   37          5.00000         4.87660         0.12340
   38          9.00000         8.93204         0.06796
   39          4.00000         4.42566        -0.42566
   40          9.00000         8.35535         0.64465
   41         10.00000         9.88984         0.11016
   42         11.00000        11.19715        -0.19715
   43          7.00000         6.71300         0.28700
   44          8.00000         8.81794        -0.81794
   45          5.00000         5.43966        -0.43966
   46          7.00000         6.37785         0.62215
   47          9.00000         8.99648         0.00352
   48          8.00000         8.36620        -0.36620
   49          9.00000         9.68604        -0.68604
   50          4.00000         4.00958        -0.00958
   51          3.00000         2.59851         0.40149
   52          3.00000         3.35893        -0.35893
   53          2.00000         2.95975        -0.95975
   54          1.00000         1.90419        -0.90419
   55          2.00000         3.05735        -1.05735
============================== END OF REPORT ================================



